1 39
11296 -18930
11216 -17930
11072 -16930
10912 -15930
10752 -14930
10624 -13930
10464 -12930
10336 -11930
10176 -10930
10016 -9930
9872 -8930
9728 -7930
9600 -6930
9424 -5930
9280 -4930
9136 -3930
8992 -2930
8816 -1930
8672 -930
8512 70
8336 1070
8192 2070
8048 3070
7888 4070
7776 5070
7616 6070
7472 7070
7328 8070
7168 9070
7040 10070
6864 11070
6736 12070
6592 13070
6432 14070
6256 15070
6128 16070
5984 17070
5824 18070
5680 19070
2 57
4480 21229
4720 20429
4848 19629
5008 18829
5152 18029
5312 17229
5440 16429
5600 15629
5744 14829
5888 14029
6048 13229
6208 12429
6336 11629
6496 10829
6656 10029
6800 9229
6960 8429
7104 7629
7264 6829
7392 6029
7552 5229
7696 4429
7856 3629
7984 2829
8128 2029
8304 1229
8432 429
8576 -371
8752 -1171
8896 -1971
9040 -2771
9184 -3571
9328 -4371
9472 -5171
9632 -5971
9792 -6771
9952 -7571
10112 -8371
10240 -9171
10384 -9971
10528 -10771
10704 -11571
10848 -12371
11008 -13171
11136 -13971
11280 -14771
11456 -15571
11600 -16371
11744 -17171
11904 -17971
12080 -18771
12224 -19571
12352 -20371
12528 -21171
12688 -21971
12848 -22771
12976 -23571
3 37
10912 -17668
10880 -16668
10720 -15668
10592 -14668
10416 -13668
10272 -12668
10128 -11668
9952 -10668
9824 -9668
9680 -8668
9536 -7668
9392 -6668
9232 -5668
9088 -4668
8944 -3668
8800 -2668
8624 -1668
8496 -668
8336 332
8176 1332
8032 2332
7904 3332
7728 4332
7600 5332
7440 6332
7280 7332
7136 8332
6976 9332
6832 10332
6672 11332
6528 12332
6384 13332
6256 14332
6112 15332
5952 16332
5776 17332
5648 18332
4 53
4736 25760
4976 24760
5120 23760
5280 22760
5408 21760
5568 20760
5712 19760
5840 18760
6016 17760
6144 16760
6304 15760
6448 14760
6592 13760
6752 12760
6896 11760
7040 10760
7184 9760
7344 8760
7472 7760
7632 6760
7776 5760
7936 4760
8080 3760
8224 2760
8384 1760
8528 760
8672 -240
8832 -1240
8976 -2240
9136 -3240
9280 -4240
9440 -5240
9600 -6240
9744 -7240
9872 -8240
10048 -9240
10208 -10240
10352 -11240
10496 -12240
10656 -13240
10800 -14240
10960 -15240
11120 -16240
11264 -17240
11440 -18240
11584 -19240
11728 -20240
11888 -21240
12048 -22240
12192 -23240
12336 -24240
12512 -25240
12672 -26240
5 38
5424 18778
5632 17778
5776 16778
5904 15778
6048 14778
6208 13778
6352 12778
6512 11778
6640 10778
6784 9778
6944 8778
7088 7778
7232 6778
7392 5778
7536 4778
7680 3778
7856 2778
7984 1778
8144 778
8304 -222
8448 -1222
8592 -2222
8752 -3222
8896 -4222
9056 -5222
9200 -6222
9344 -7222
9504 -8222
9664 -9222
9808 -10222
9952 -11222
10112 -12222
10256 -13222
10416 -14222
10576 -15222
10720 -16222
10864 -17222
11024 -18222
6 72
80 17595
144 17095
288 16595
448 16095
592 15595
736 15095
896 14595
1056 14095
1200 13595
1376 13095
1520 12595
1680 12095
1824 11595
1984 11095
2128 10595
2288 10095
2432 9595
2592 9095
2736 8595
2880 8095
3040 7595
3184 7095
3344 6595
3488 6095
3648 5595
3808 5095
3952 4595
4096 4095
4256 3595
4400 3095
4576 2595
4720 2095
4864 1595
5024 1095
5152 595
5312 95
5472 -405
5584 -905
5744 -1405
5904 -1905
6048 -2405
6208 -2905
6352 -3405
6496 -3905
6656 -4405
6800 -4905
6944 -5405
7104 -5905
7264 -6405
7392 -6905
7536 -7405
7680 -7905
7840 -8405
7984 -8905
8128 -9405
8304 -9905
8448 -10405
8592 -10905
8736 -11405
8896 -11905
9040 -12405
9200 -12905
9344 -13405
9488 -13905
9648 -14405
9792 -14905
9952 -15405
10096 -15905
10240 -16405
10400 -16905
10544 -17405
10704 -17905